   Name           	     J2000.0     	 T  	   D   	 logM* 	 logMHI 	 logSFRFUV	 logSFRHa	  SB  	  Th1  	  Thj  
 PiscesII                 	 225831.0+055709 	-3	0.18	4.7	        	-7.56	-7.5	27	1.82	1.75
 NGC6822                  	 194457.7-144811 	10	0.52	8.38	8.19	-1.78	-1.9	23.7	0.46	1.73
 And II                   	 011629.8+332509 	-3	0.65	7.33	 <5.44  	-6.05	-6.63	27	2.03	1.75
 And XI                   	 004620.0+334805 	-3	0.73	5.22	 <5.53  	-5.71	-5.75	27.9	2.7	1.75
 And I                    	 004540.0+380214 	-3	0.73	7.17	 <5.53  	-6.16	-6.54	27	3.42	1.75
 LeoA                     	 095926.4+304447 	10	0.74	6.86	6.97	-3.29	-4.1	25.3	-0.03	1.35
 And XVII                 	 003707.0+441920 	-2	0.74	5.78	 <5.54  	-5.71	-5.57	28.3	3.65	1.75
 IC1613                   	 010447.8+020800 	10	0.76	8.1	7.8	-2.04	-2.35	24.8	0.63	1.75
 MESSIER031               	 004244.5+411609 	3	0.77	10.73	9.73	-0.01	-0.27	23.1	3.08	1.42
 MESSIER032               	 004242.1+405159 	-2	0.79	9.09	 <6.42  	-3.59	-5.88	22	4.72	1.75
 And IX                   	 005252.8+431200 	-3	0.79	6.24	 <5.60  	-6.22	-6.87	28.1	3.98	1.75
 MESSIER033               	 013350.8+303937 	6	0.93	9.62	9.4	-0.25	-0.35	23.7	1.47	1.73
 Pegasus                  	 232834.1+144448 	10	0.97	7.35	6.74	-3.54	-4.37	25.3	0.67	1.75
 WLM                      	 000158.1-152740 	9	0.98	7.7	7.84	-2.23	-2.68	24.8	-0.04	1.75
 DDO210                   	 204651.8-125053 	10	0.98	6.78	6.46	-3.86	-5.34	24.6	-0.35	1.35
 Sag dIr                  	 192959.0-174041 	10	1.08	6.55	6.97	-3.11	-4.04	24.7	-0.5	-0.85
 NGC3109                  	 100307.2-260936 	8	1.34	8.58	8.38	-1.37	-1.76	25	-0.33	-1.22
 UGC04879                 	 091602.2+525024 	9	1.37	6.99	5.99	-3.28	-4.33	24.9	-0.67	-2.39
 SexB                     	 100000.1+051956 	10	1.43	7.83	7.71	-2.37	-2.88	24.3	-0.88	-0.62
 SexA                     	 101100.8-044134 	10	1.45	7.57	7.9	-1.92	-2.33	24.2	-0.89	-0.59
 IC5152                   	 220241.9-511743 	9	1.96	8.71	8.01	-1.55	-2.23	23.8	-1.2	0.24
 ESO294-010               	 002633.3-415120 	10	2.03	6.3	5.52	-3.81	-4.28	25	1.03	0.54
 NGC0300                  	 005453.5-374057 	7	2.09	9.41	9.32	-0.56	-0.78	24.4	0.13	0.23
 NGC0055                  	 001508.5-391313 	8	2.11	9.48	9.44	-0.22	-0.36	24.6	0.05	0.24
 GR8                      	 125840.4+141303 	10	2.19	6.84	6.92	-2.62	-2.67	24.5	-1.43	-2.05
 KK230                    	 140710.7+350337 	10	2.21	6.18	6.35	-3.78	-5.47	25.5	-1.34	-0.8
 UGCA438                  	 232627.5-322326 	10	2.22	7.59	7.25	-2.65	-3.84	24.1	-0.48	0.53
 KK258                    	 224043.9-304759 	-3	2.24	7.16	 <5.75  	-4.48	-4.68	26	-0.91	0.3
 DDO187                   	 141556.5+230319 	10	2.3	7.06	7.1	-2.98	-3.97	24.1	-1.49	-2.19
 IC4662                   	 174706.3-643825 	9	2.55	8.72	8.24	-1.37	-1.12	22.4	-1.24	      
 KKH98                    	 234534.0+384304 	10	2.58	6.63	6.49	-3.27	-3.57	25.1	-1.01	0
 DDO125                   	 122741.8+432938 	9	2.61	8.06	7.44	-2.32	-2.84	24.4	-0.94	-0.14
 KKH86                    	 135433.6+041435 	10	2.61	6.51	5.92	-4.17	-6.04	25.1	-1.38	-1.99
 DDO099                   	 115053.0+385250 	10	2.65	7.42	7.75	-2.28	-2.64	25.3	-0.62	-0.14
 NGC4190                  	 121344.6+363800 	9	2.83	7.9	7.47	-2.22	-2.42	23.7	1.72	-0.14
 DDO190                   	 142443.5+443133 	9	2.83	7.93	7.52	-2.24	-2.63	23.6	-1.18	-1.13
 NGC4214                  	 121538.9+361939 	8	2.88	8.98	8.46	-0.9	-0.85	23.4	0.65	-0.63
 NGC0404                  	 010926.9+354303 	-1	2.98	9.26	7.91	-2.23	-1.5	22.4	-0.76	-2.63
 NGC1560                  	 043249.9+715252 	7	2.99	8.6	8.91	-1.34	-1.43	24.8	0.78	1.54
 NGC4163                  	 121208.9+361010 	9	2.99	7.92	7.17	-2.4	-2.96	23.9	1.08	-0.14
 DDO147                   	 124659.8+362835 	10	3.01	7.19	7.47	-2.64	-3.31	24.5	-0.6	-0.1
 DDO181                   	 133953.8+404421 	10	3.1	7.56	7.36	-2.47	-2.61	24.7	-0.87	-0.09
 ESO269-037               	 130333.6-463503 	10	3.15	6.96	5.51	-3.71	-4.4	25	1.03	1.88
 KK35                     	 034512.6+675150 	10	3.16	7.97	        	-1.92	-1.61	25	2.4	1.92
 NGC2403                  	 073651.4+653558 	6	3.19	9.86	9.26	-0.08	-0.15	24.2	0.2	1.88
 NGC1569                  	 043049.1+645053 	8	3.19	9.4	8.3	-0.55	-0.08	22	1.12	1.92
 ESO383-087               	 134918.8-360341 	8	3.19	9.05	7.82	-1.45	-1.49	23.2	0.4	1.87
 ESO349-031               	 000813.3-343442 	10	3.21	7.12	7.13	-3.02	-4.03	24.7	0.15	1.75
 DDO044                   	 073411.3+665310 	-3	3.21	7.78	 <6.02  	-5.07	-5.19	26.4	2.27	1.9
 NGC3741                  	 113606.4+451707 	9	3.22	7.43	7.93	-2.26	-2.39	23.8	-0.69	-0.14
 UGC08833                 	 135448.7+355015 	10	3.25	7.41	7.05	-2.85	-3.34	24.2	-0.89	-1.02
 IC0342                   	 034648.9+680545 	6	3.28	10.6	10.16	0.6	-0.26	23.3	0.39	1.79
 NGC2366                  	 072854.6+691219 	10	3.28	8.7	8.63	-1.12	-0.95	24.4	0.83	1.91
 DDO183                   	 135051.1+380116 	10	3.31	7.54	7.33	-2.52	-3.12	24.8	-0.79	-1.04
 NGC5237                  	 133738.9-425051 	9	3.33	8.43	7.48	-2.38	-2.26	23.1	1.19	1.88
 ESO321-014               	 121349.6-381353 	10	3.33	7.29	7.25	-2.74	-3.06	24.3	0	1.86
 UGCA105                  	 051415.1+623451 	8	3.39	9.14	8.65	-1.07	-1.23	23.6	0.25	1.47
 KDG052                   	 082356.0+710146 	10	3.42	6.93	7.02	-3.06	-5.23	23.3	1.98	1.91
 NGC5253                  	 133955.8-313824 	8	3.44	9.08	7.91	-1.09	-0.64	23.5	0.27	1.68
 DDO006                   	 004949.3-210058 	10	3.44	7.08	7.06	-2.86	-4.14	25.6	1.29	1.74
 KKH37                    	 064745.8+800726 	10	3.44	6.9	6.71	-3.49	-3.84	25.1	-0.04	1.7
 HolmII                   	 081904.0+704251 	9	3.47	9.2	8.63	-1.04	-1.15	24.4	0.71	1.91
 DDO078                   	 102627.9+673924 	-3	3.48	7.48	        	-4.82	-5.07	26.6	1.58	1.89
 NGC6789                  	 191641.8+635822 	9	3.55	7.94	 <6.47  	-2.6	-2.61	23	-1.32	      
 CamA                     	 042515.6+724821 	10	3.56	7.79	8.14	-3.43	-2.91	25.8	0.7	1.42
 UGC04483                 	 083703.0+694631 	10	3.58	7.09	7.61	-2.4	-2.38	24.1	1.01	1.91
 MESSIER082               	 095553.9+694057 	8	3.61	10.59	8.97	-0.94	0.21	22.3	3.08	1.78
 NGC7793                  	 235749.4-323524 	6	3.63	9.7	8.7	-0.42	-0.45	23.8	0.25	1.73
 ESO540-032               	 005024.6-195425 	10	3.63	6.83	6.03	-3.91	-4.98	25.9	1.39	1.74
 NGC2976                  	 094715.6+675449 	7	3.66	9.44	8.05	-1.33	-1.06	23.2	3.05	1.9
 NGC5128                  	 132528.9-430100 	-2	3.68	10.89	8.44	-0.65	-0.06	23.7	0.59	1.5
 DDO053                   	 083406.5+661045 	10	3.68	7.34	7.64	-2.2	-2.13	24.6	0.81	1.91
 NGC0253                  	 004734.3-251732 	5	3.7	10.98	9.09	0.34	0.26	23.1	0.13	0.66
 MESSIER081               	 095533.5+690400 	3	3.7	10.95	9.46	0.04	0	22.9	2.73	1.51
 KDG61em                  	 095707.5+683554 	10	3.7	5.98	        	-3.79	-3.18	23.5	4.48	1.91
 JKB83                    	 095549.6+691957 	10	3.7	5.35	        	-4.24	-3.52	24.4	5.27	1.91
 BK5N                     	 100440.3+681520 	-3	3.7	7.18	        	-5.4	-5.13	25.5	3.36	1.89
 NGC0247                  	 004708.3-204536 	7	3.72	9.5	9.18	-0.25	-0.55	24.9	1.61	1.73
 ESO269-058               	 131032.9-465927 	9	3.75	8.86	7.37	-2.38	-3.5	25	1.43	1.87
 KDG064                   	 100701.9+674939 	-3	3.75	7.99	        	-5.51	-4.44	25.4	2.77	1.89
 ESO324-024               	 132737.4-412850 	8	3.78	8.35	8.18	-1.8	-1.82	23.8	2.44	1.88
 GARLAND                  	 100342.0+684136 	10	3.82	6.81	 <7.54  	-2.64	-2.17	28.2	2.95	1.89
 [CKT2009]d0958+66        	 095848.5+665059 	9	3.82	7.12	5.87	-3.38	-4.27	24.1	2.14	1.89
 [CKT2009]d1028+70        	 102839.7+701401 	10	3.84	7.01	6.12	-3.21	-3.64	24	1.81	1.9
 NGC3077                  	 100321.0+684402 	9	3.85	9.57	8.8	-1.48	-1.06	23.1	2.33	1.88
 HolmIX                   	 095732.4+690235 	10	3.85	7.75	8.45	-2.03	-2.84	25.1	2.77	1.89
 UGCA292                  	 123840.0+324600 	10	3.85	6.79	7.49	-2.53	-2.48	24.7	-0.16	1.44
 KDG073                   	 105257.1+693245 	10	3.91	6.6	6.56	-3.56	-4.72	26.1	1.19	1.9
 IC2574                   	 102822.4+682458 	8	3.93	9.33	9.04	-0.8	-1	24.8	1.53	1.9
 DDO082                   	 103035.0+703710 	9	3.93	8.39	6.46	-2.6	-2.56	24.6	1.46	1.9
 A0952+69                 	 095729.0+691620 	10	3.93	6.87	7.02	-2.96	-3.21	26.5	1.9	1.9
 HS117                    	 102125.2+710658 	10	3.96	6.72	5.01	-4.32	-4.82	26.5	1.42	1.9
 NGC0625                  	 013505.0-412611 	8	4.02	8.96	8	-1.52	-1.2	24.3	-0.33	-0.72
 HolmI                    	 094032.3+711111 	10	4.02	8.05	8.05	-1.85	-2.21	25.4	1.31	1.89
 DDO154                   	 125405.2+270855 	10	4.04	7.59	8.28	-1.91	-2.52	24.3	0.31	1.33
 BK3N                     	 095348.5+685809 	10	4.17	6.12	7.29	-3.49	-5.23	24.7	0.96	1.9
 UGC07298                 	 121628.6+521338 	10	4.19	7.24	7.27	-2.88	-4.25	24.1	-0.35	1.37
 UGC06541                 	 113329.1+491417 	10	4.23	7.83	7.04	-2.11	-1.98	24.2	-0.64	0.47
 DDO168                   	 131428.6+455510 	10	4.25	8.13	8.33	-1.77	-2.13	24.4	0.68	1.41
 DDO167                   	 131322.8+461911 	10	4.25	7.19	7.2	-2.49	-2.87	24.2	1.61	1.41
 NGC4449                  	 122811.2+440540 	8	4.27	9.68	8.65	-0.24	-0.2	22.6	0.76	1.4
 [CKT2009]d0959+68        	 095933.1+683925 	10	4.27	6.44	        	-3.65	-4.04	25.9	0.72	1.9
 NGC2915                  	 092611.5-763735 	9	4.29	8.74	8.64	-1.16	-1.31	22.5	-1.09	-1.09
 UGC08638                 	 133919.4+244633 	10	4.29	7.97	7.08	-2.26	-2.42	24.1	-0.16	1.24
 NGC1313                  	 031815.4-662951 	7	4.31	9.57	9.29	-0.09	-0.27	23.4	-0.68	-0.5
 NGC4244                  	 121729.9+374827 	6	4.31	9.52	9.19	-0.5	-0.9	25	0.36	1.41
 DDO169NW                 	 131519.2+473218 	10	4.33	6.34	7	-2.99	-3.58	26	0.27	1.39
 KK160                    	 124357.4+433941 	10	4.33	6.6	6.6	-4.43	-4.88	24.8	1.51	1.44
 IC4182                   	 130549.3+373621 	8	4.35	8.7	8.29	-1.28	-1.6	24.7	0.96	1.44
 IC4316                   	 134018.1-285340 	10	4.35	8.21	7.04	-2.38	-2.63	24.6	0.65	1.65
 UGCA442                  	 234346.0-315733 	8	4.37	8.03	8.22	-1.84	-2.18	26	-0.3	0.45
 NGC4068                  	 120402.4+523519 	9	4.39	8.3	8.08	-1.65	-1.82	24.1	-0.48	0.53
 NGC4236                  	 121643.3+692756 	8	4.41	9.61	9.14	-0.4	-0.61	24.9	-0.16	0.18
 NGC4736                  	 125053.5+410710 	2	4.41	10.56	8.28	-0.53	-0.43	23	-0.13	0.85
 NGC4826                  	 125644.2+214105 	2	4.41	10.49	8.27	-1.03	-0.64	23	-0.73	-0.86
 DDO169                   	 131530.7+472947 	10	4.41	7.73	7.75	-2.22	-2.7	25.3	0.28	1.39
 NGC5238                  	 133442.7+513650 	10	4.51	8.02	7.42	-1.99	-1.96	23.7	-0.41	-0.27
 KK109                    	 114711.2+434019 	10	4.51	6.35	6.54	-4.12	-5.39	24.9	-0.32	1.41
 ESO245-005               	 014503.6-433553 	9	4.57	8.53	8.6	-1.34	-1.59	24.2	-0.73	-0.29
 IC3687                   	 124215.1+383007 	10	4.57	8.19	7.9	-1.75	-1.89	25.9	1.2	1.48
 UGC08215                 	 130803.6+464941 	10	4.57	7.18	7.28	-2.95	-3.46	24.3	0.42	1.39
 NGC5204                  	 132936.4+582504 	8	4.59	8.84	8.59	-0.98	-1.12	23.7	-0.88	-0.67
 ESO444-084               	 133720.2-280246 	10	4.61	7.61	7.9	-2.28	-2.53	24.2	1.37	1.62
 MCG +09-20-131           	 121546.7+522315 	10	4.61	7.5	7.37	-2.53	-3.84	23.9	-0.43	0.61
 KKH34                    	 055941.2+732539 	10	4.61	7.17	6.76	-3.91	-3.9	25	-0.65	-1.76
 UGC06456                 	 112800.6+785929 	10	4.63	7.66	7.82	-1.89	-1.79	23.6	-0.31	0.4
 DDO127                   	 122828.5+371400 	10	4.72	7.64	7.67	-2.29	-3.3	24.6	0.36	1.47
 UGC08245                 	 130834.2+785613 	9	4.72	7.78	        	-2.46	-3.02	24.9	-0.58	0.38
 UGC07605                 	 122839.0+354305 	10	4.74	7.71	7.38	-2.18	-2.56	24.2	0.69	1.48
 NGC4395                  	 122549.8+333246 	8	4.76	9.47	9.08	-0.47	-0.75	24.8	-0.12	1.45
 KK200                    	 132436.0-305820 	10	4.76	7.31	6.86	-3.09	-4.26	24.4	1.56	1.62
 NGC5264                  	 134137.0-295450 	8	4.79	8.88	7.7	-1.83	-1.92	23.8	2.46	1.61
 KKH18                    	 030305.9+334140 	10	4.79	7.28	7.14	-2.57	-3.21	24.1	-1.17	-1.67
 UGC00685                 	 010722.3+164102 	9	4.81	8.03	7.8	-2.27	-2.25	24.6	-1.51	      
 DDO165                   	 130626.8+674215 	9	4.83	8.23	8.08	-1.66	-2.58	24.9	-0.64	0.75
 MCG +06-27-017           	 120956.4+362607 	9	4.85	7.89	        	-2.71	-3.71	23.9	-0.22	1.47
 NGC5236                  	 133700.1-295204 	5	4.9	10.86	9.99	0.2	0.44	22.9	0.54	0.09
 NGC0059                  	 001525.1-212638 	-3	4.9	8.66	7.34	-2.27	-1.98	23.3	-0.37	-1.44
 DDO226                   	 004303.8-221501 	10	4.92	7.71	7.53	-2.46	-2.9	25.2	-0.27	-0.58
 DDO126                   	 122705.1+370833 	10	4.97	8.09	8.03	-1.85	-2.06	25	-0.02	1.47
 AF7448_001               	 225935.3+164611 	10	5	6.95	6.55	-3.24	-3.16	22.9	-1.73	      
 KK17                     	 020009.9+284957 	10	5.01	7.02	6.76	-3.51	-3.53	25.6	-0.96	-0.3
 ESO115-021               	 023745.0-612028 	7	5.08	8.75	8.58	-1.44	-1.63	25.8	-1.33	0.32
 PGC039646                	 121915.6+061738 	9	5.15	7.44	6.57	-3.08	-3.22	24.1	-1.13	-1.24
 IC4247                   	 132644.4-302145 	10	5.18	8.25	7.59	-2.18	-2.78	23.9	1.29	1.65
 UGC01281                 	 014932.3+323533 	7	5.27	8.57	8.28	-1.61	-1.94	24.7	-1.2	-0.55
 NGC3738                  	 113548.6+543122 	9	5.3	8.92	8.06	-1.26	-1.37	23.1	-1.01	-0.83
 NGC0784                  	 020116.8+285037 	8	5.37	8.67	8.53	-1.33	-1.46	24.7	-1.3	-0.64
 NGC4656                  	 124357.6+321013 	8	5.4	9.59	9.19	-0.01	-0.52	24.5	3.31	0.36
 UGCA365                  	 133630.8-291411 	10	5.42	7.73	7.29	-2.77	-4.42	24.9	0.73	1.65
 NGC5068                  	 131855.3-210221 	6	5.45	9.78	8.87	-0.5	-0.28	23.9	-0.15	-0.28
 UGC07242                 	 121407.4+660532 	10	5.45	7.92	7.69	-2.17	-2.75	23.6	-0.4	0.47
 ESO381-020               	 124600.4-335017 	10	5.47	7.95	8.37	-1.77	-1.75	25.1	-0.33	-0.68
 IC5052                   	 205206.2-691214 	7	5.5	9.27	8.81	-0.83	-1.12	23.9	-1.84	      
 IC3840                   	 125146.1+214407 	10	5.5	7.04	7.21	-2.69	-3.1	25.3	-0.6	-1.26
 NGC4605                  	 124000.3+613629 	8	5.55	9.7	8.44	-0.77	-0.66	23.1	-1.07	-0.82
 NGC1311                  	 032007.4-521106 	8	5.55	8.43	8.04	-1.67	-1.55	25.2	-1.19	-0.18
 BTS76                    	 115844.1+273506 	10	5.57	6.82	        	-3.88	-3.68	24.8	-1.17	-1.35
 KK16                     	 015520.6+275715 	10	5.62	7.35	6.86	-3	-3.43	25.3	-0.71	-0.32
 NGC5585                  	 141948.3+564349 	7	5.7	9.03	8.82	-0.8	-1.08	23.4	-0.51	-1.08
 UGCA281                  	 122616.0+482931 	10	5.7	7.82	7.77	-1.78	-1.29	23.8	-0.92	-0.17
 NGC1705                  	 045413.7-532141 	9	5.73	8.62	8.06	-0.98	-0.98	23	-1.87	      
 DDO194                   	 143524.6+571524 	8	5.81	8.09	7.83	-2.37	-3.35	24.7	-0.1	-0.21
 UGC02905                 	 035700.6+163128 	10	5.83	8.02	7.56	-2.13	-2.59	23.6	-1.97	      
 ESO154-023               	 025650.4-543423 	8	5.86	8.93	9.14	-1	-1.32	25.5	-1.69	-0.47
 NGC6946                  	 203451.1+600915 	6	5.89	10.76	9.88	0.28	0.39	23.2	0.56	0.4
 KK182                    	 130502.9-400458 	10	5.94	7.49	7.65	-2.56	-3.26	24.5	-0.67	-1.17
 NGC5023                  	 131211.9+440219 	7	6.05	9.01	8.58	-0.96	-1.31	24.8	-0.89	-1.07
 AGC112521                	 014107.9+271926 	10	6.08	6.81	6.75	-3.88	-4.2	25.1	-1.46	-0.31
 LV J1243+4127            	 124355.7+412725 	10	6.09	6.97	7.02	-3.33	-4.55	26.4	-0.8	-0.19
 Arp211                   	 123721.3+384443 	10	6.14	7.56	7.29	-1.98	-2.61	23.9	-0.86	0.48
 KK144                    	 122527.9+282857 	10	6.15	7.27	7.86	-2.47	-3.26	25.3	-0.87	0.39
 IC1959                   	 033311.8-502438 	8	6.19	8.49	8.38	-1.18	-1.38	24.5	-1.49	-0.19
 AGC748778                	 000634.4+153039 	10	6.22	6.39	6.64	-3.53	-4.64	24.9	-1.87	-2.72
 NGC6503                  	 174927.6+700841 	6	6.25	10	8.86	-0.56	-0.37	23.1	0	-1.39
 NGC6503-d1               	 175248.4+700814 	10	6.25	6.44	 <6.16  	-4.09	-3.01	25.7	3.56	0.75
 UGC02684                 	 032023.7+171742 	10	6.49	7.57	7.92	-2.26	-2.84	26	0.22	-0.9
 UGC02716                 	 032407.2+174515 	8	6.5	8.36	7.69	-1.97	-2.25	23.9	-0.56	-1.68
 NGC4707                  	 124822.9+510953 	10	6.52	8.25	8.05	-1.61	-1.9	23.6	-0.45	0.06
 KK151                    	 123023.8+425405 	9	6.56	7.6	7.3	-2.45	-2.97	24.6	-0.33	0.33
 UGC11411                 	 190842.3+701702 	9	6.58	7.85	        	-1.84	-1.72	23.4	-0.69	0.75
 NGC3621                  	 111816.1-324842 	7	6.64	10.34	9.62	0.1	0.25	23.5	-1.7	-2.03
 NGC0045                  	 001403.9-231056 	8	6.64	9.33	9.18	-0.45	-0.54	24.6	-1.05	0.23
 ESO553-046               	 052705.7-204041 	9	6.7	8.17	7.46	-1.61	-1.25	23.3	-2.14	      
 KKH46                    	 090836.6+051732 	10	6.7	7.16	7.44	-2.67	-2.6	24.5	-1.65	      
 NGC5477                  	 140533.1+542739 	9	6.76	8.26	8.6	-1.51	-1.62	24.3	1.97	1.56
 UGC00288                 	 002904.0+432554 	10	6.82	7.8	7.69	-2.33	-2.61	24.2	-1.89	-2.04
 NGC4144                  	 120959.3+462726 	7	6.89	9.25	8.71	-0.81	-0.92	24.1	0.25	1.68
 KK152                    	 123324.9+332105 	10	6.9	7.44	7.54	-2.48	-3.02	25	0.41	1.29
 MESSIER101               	 140312.8+542102 	6	6.95	10.79	9.86	0.52	0.46	24.3	1.31	0.12
 NGC5474                  	 140502.1+533947 	8	6.98	9.21	9.01	-0.69	-0.89	23.5	2.89	1.55
 ESO149-003               	 235202.8-523439 	10	7.01	7.95	7.9	-1.79	-2.23	25.6	-1.85	      
 KK14                     	 014442.7+271716 	10	7.05	7.08	7.54	-2.94	-3.5	25.3	1.08	0.62
 KJ78                     	 092036.4+494031 	10	7.08	6.58	        	-3.2	-3.79	25.1	-1.2	-1.21
 KK78                     	 095019.6+312724 	10	7.1	6.92	7.35	-2.88	-3.14	24.3	2.76	-0.8
 LV J1000+3032            	 100036.5+303210 	10	7.1	6.76	6.33	-3.39	-3.88	23.9	-1.26	-0.8
 DDO064                   	 095022.4+312915 	10	7.11	8.04	8.24	-1.49	-1.67	24.7	1.63	-0.99
 UGC07639                 	 122953.0+473148 	9	7.14	8.33	7.62	-1.97	-2.94	24.3	0.7	1.7
 NGC0672                  	 014753.2+272601 	6	7.18	9.65	9.22	-0.45	-0.7	23.5	0.23	0.24
 And IV                   	 004232.3+403419 	10	7.18	7.22	8.44	-2.42	-3.12	25.6	-1.76	-1.46
 DDO120                   	 122115.0+454841 	9	7.28	8.73	8.04	-1.94	-4.14	24	1.06	1.7
 KDG101                   	 121909.1+470523 	-1	7.28	8.41	        	-4.49	-3.92	24.8	1.22	1.7
 NGC4700                  	 124907.6-112441 	7	7.3	8.86	8.43	-0.86	-1.74	23.8	-0.71	-0.17
 DDO161                   	 130316.8-172523 	8	7.3	8.91	8.99	-0.89	-1.11	26	1.47	-0.24
 UGCA319                  	 130214.4-171415 	10	7.3	8.22	7.97	-2.08	-3.1	23.9	2.15	-0.03
 NGC4627                  	 124159.7+323425 	-3	7.3	9.5	        	-2.43	-4.24	22.9	3.56	1.25
 NGC0024                  	 000956.4-245748 	5	7.31	9.48	8.64	-0.6	-1.01	24.5	-1.2	0.07
 NGC4631                  	 124208.0+323229 	7	7.35	10.49	9.72	0.76	-0.1	23.3	2.57	0.34
 MCG +09-16-010           	 092317.0+515823 	8	7.35	7.63	        	-2.42	-2.7	24.6	-1.04	-1.4
 IC4710                   	 182838.0-665856 	8	7.38	9.24	8.6	-0.86	-0.87	23.8	-0.99	      
 ESO483-013               	 041241.1-230932 	9	7.4	8.72	7.63	-1.8	-1.82	23.5	-1.62	      
 NGC4248                  	 121749.9+472433 	8	7.4	8.82	7.79	-2.22	-1.92	24.3	1.73	1.7
 KKH80                    	 122805.4+221727 	10	7.43	7.31	7.08	-2.72	-4.08	25	-0.7	0.31
 IC1727                   	 014730.1+271952 	8	7.45	9.49	8.9	-0.69	-1.1	24.4	0.39	0.4
 DDO087                   	 104936.5+653150 	10	7.45	8.31	8.24	-2.01	-2.48	24.7	-1.04	      
 KDG192                   	 124345.0+535732 	10	7.45	7.38	7.88	-2.42	-2.65	25.3	-0.09	-0.61
 NGC2787                  	 091918.6+691212 	1	7.48	10.19	8.43	-2.34	-2.21	22.3	-1.67	-0.54
 ESO565-003               	 092309.9-201003 	10	7.52	7.9	7.32	-2.26	-2.42	23.3	-1.31	      
 UGC01104                 	 013242.3+181857 	9	7.55	8.35	8.02	-1.7	-2.01	24.2	-1.64	-1.59
 ESO347-017               	 232656.1-372049 	7	7.6	8.37	8.15	-1.7	-1.77	24.6	0.1	0.58
 NGC4258                  	 121857.5+471814 	4	7.66	10.92	9.62	0.4	0.44	23.2	1.82	1.01
 NGC5195                  	 132958.7+471605 	0	7.66	10.59	8.14	-1.05	-0.54	23.1	0.39	1.72
 LV J1218+4655            	 121811.1+465501 	8	7.66	7.42	        	-2.75	-3.86	25.1	3.74	1.77
 UGC03755                 	 071351.8+103119 	10	7.69	8.43	8.28	-1.71	-1.81	23.8	-2.27	-2.32
 UGC05427                 	 100441.0+292159 	8	7.69	8.21	7.54	-1.93	-2.26	24.1	-1.02	-0.35
 DDO088                   	 104722.3+140413 	9	7.73	8.33	7.87	-1.96	-2.22	24.6	-0.45	0.27
 KK141                    	 122252.7+334943 	10	7.78	7.05	7.2	-2.67	-2.82	24.1	-0.02	1.33
 IC5332                   	 233427.5-360606 	7	7.8	9.62	9.18	-0.39	-0.52	24.1	0.25	0.22
 NGC1156                  	 025942.4+251415 	8	7.8	9.31	8.82	-0.47	-0.48	23	0.88	-1.4
 LV J1030+0607            	 103044.3+060738 	10	7.8	7.36	7.16	-2.73	-3.22	24.6	-1.06	      
 LV J0300+2546            	 030039.3+254656 	10	7.8	7.34	6.2	-3.41	-3.09	23.7	1.64	0.07
 KK13                     	 014216.8+262204 	10	7.83	7.57	7.27	-2.74	-2.92	24.2	-0.4	0.62
 UGC04115                 	 075701.8+142327 	10	7.87	8.26	8.35	-1.66	-1.81	25.1	-1.72	-0.42
 KDG010                   	 014341.4+154123 	10	7.87	7.66	7.72	-3.09	-2.63	25.5	-1.47	-0.9
 KUG 0937+480             	 094019.6+474638 	9	7.88	7.27	        	-2.71	-3.04	25.2	-0.75	-0.78
 NGC3239                  	 102504.9+170949 	8	7.9	9.52	8.89	-0.4	-0.45	23.6	-1.05	-0.92
 NGC4618                  	 124132.8+410903 	6	7.9	9.65	8.9	-0.51	-0.55	22.9	1.37	0.34
 NGC4136                  	 120917.7+295539 	5	7.9	9.39	8.67	-0.8	-1.02	23.2	-0.64	-0.06
 NGC4242                  	 121730.2+453710 	7	7.9	9.47	8.7	-0.92	-1.05	23.8	1.38	1.76
 NGC3274                  	 103217.1+274007 	7	7.98	8.83	8.76	-0.94	-1.06	23.4	-1.03	-1.05
 KK65                     	 074231.2+163340 	10	7.98	8.11	7.7	-2.33	-1.87	24.1	-0.06	-0.38
 NGC4204                  	 121514.4+203931 	7	8	9.12	8.57	-1.11	-1.05	24.6	-0.08	1.5
 NGC1800                  	 050625.7-315715 	9	8	9.04	8.13	-1.26	-1.25	23.2	-1.68	-1.46
 DDO153                   	 125357.5-120631 	9	8	8.31	8.54	-1.6	-1.56	25	-0.29	-0.18
 AGC198691                	 094332.4+332658 	10	8	6.15	6.9	-3.41	-3.27	24.1	-1.05	-0.75
 MRK0036                  	 110458.5+290822 	9	8.02	7.52	7.37	-1.67	-1.37	23.3	-0.01	0.75
 ESO238-005               	 222230.1-482418 	10	8.02	8.21	8.35	-1.97	-2.27	25.7	-0.75	0.76
 KUG 1218+387             	 122054.9+382549 	9	8.03	7.93	7.73	-2.12	-2.71	24.3	-0.36	0.44
 NGC4288                  	 122038.1+461730 	7	8.05	8.61	8.61	-1.12	-1.25	23.6	1.08	1.77
 NGC3037                  	 095124.0-270040 	8	8.1	8.69	8.31	-1.43	-1.27	22.6	-1.22	-1.31
 DDO131                   	 123158.6+294235 	10	8.1	7.99	8.06	-1.94	-2.1	24.1	-0.32	1.57
 KUG 1033+366B            	 103617.6+362531 	9	8.1	7.3	        	-2.74	-2.78	24.4	-0.87	-0.59
 DDO084                   	 104241.9+342656 	8	8.11	8.67	8.79	-0.97	-1.25	25.5	-1.02	-1.95
 DDO047                   	 074155.0+164802 	8	8.17	8.74	8.82	-1.3	-1.74	25.5	-0.69	-0.76
 AM0106-382               	 010822.0-381233 	10	8.2	7.6	7.58	-2.3	-2.33	24.1	-1.74	      
 UGC04998                 	 092512.1+682259 	9	8.24	8.71	7.04	-2.55	-2.74	24.7	-0.44	0.94
 UGC05186                 	 094259.8+331552 	10	8.3	7.61	7.38	-2.69	-4.01	25.4	-0.97	-3.1
 NGC3627                  	 112015.0+125929 	4	8.32	10.82	8.83	0	0.17	22.6	0.15	1.57
 UGC08882                 	 135714.6+540603 	-1	8.32	7.67	        	-3.99	-4.22	24.5	-0.22	-0.83
 NGC5194                  	 132952.7+471404 	5	8.4	10.97	9.32	0.29	0.46	23	0.07	1.34
 NGC4455                  	 122844.1+224921 	7	8.4	8.95	8.62	-1.05	-1.2	23.8	0.1	1.62
 NGC5229                  	 133402.9+475455 	7	8.4	8.51	8.52	-1.41	-1.54	25.1	2.54	1.87
 MCG +08-25-028           	 133644.8+443557 	10	8.4	7.77	        	-2.47	-2.45	24.3	1.12	2.11
 UGC12894                 	 000022.5+392944 	10	8.47	7.58	7.92	-2.03	-2.29	25.2	-1.32	0.12
 AGC182595                	 085112.1+275248 	9	8.47	7.3	6.95	-2.92	-2.91	23.5	-0.78	-2.49
 UGC07827                 	 123938.9+444915 	10	8.5	7.76	8.09	-2.08	-1.87	25	-0.1	1.36
 BTS146                   	 124002.1+380002 	10	8.5	7.14	6.97	-3.44	-4.62	23.7	-0.29	1.17
 IC4870                   	 193737.6-654843 	9	8.51	8.34	8.62	-1.19	-1.32	24	-0.22	1.14
 KK149                    	 122852.3+421040 	10	8.51	8.15	7.73	-2.26	-2.53	23.4	0.48	1.36
 DDO217                   	 232958.7+405925 	8	8.55	9.37	8.9	-1.09	-1.18	24.6	0.61	0.56
 UGC03817                 	 072244.5+450630 	10	8.55	8.43	8.17	-2.17	-2.2	25.5	-1.69	      
 KK15                     	 014641.6+264805 	10	8.67	6.98	7.21	-3.02	-3.59	25.4	-1.44	-0.69
 ESO409-015               	 000531.8-280553 	9	8.71	8.1	8.1	-1.72	-1.47	24.1	-1.98	-2.05
 IC5201                   	 222057.4-460203 	6	8.8	10.01	9.23	-0.35	-0.68	24.2	-0.01	-0.93
 UGC7257                  	 121503.0+355731 	8	8.8	8.3	8.32	-1.31	-1.32	23.5	-0.68	-0.39
 ESO300-016               	 031010.5-400011 	10	8.8	7.94	7.86	-2.25	-2.77	24.9	1.23	1.71
 NGC2903                  	 093209.6+213002 	4	8.87	10.82	9.44	0.16	0.28	23	1.68	-0.75
 UGC05423                 	 100530.6+702152 	10	8.87	8.42	7.86	-1.95	-1.85	23	-0.52	-0.44
 KKH87                    	 141509.4+570515 	10	8.87	7.73	7.97	-2.24	-2.54	24.9	-0.81	-1.59
 DDO129                   	 122844.2+431327 	8	8.9	8.81	8.59	-1.22	-1.47	24.5	1.12	1.32
 UGC07950                 	 124656.4+513647 	9	8.9	8.36	8.05	-1.41	-1.91	23.9	-0.37	-2.03
 DDO182                   	 134232.6+393930 	10	8.9	7.89	8.03	-1.72	-2.11	24.9	0.2	1.75
 LV J0913+1937            	 091339.0+193708 	10	8.9	7.27	7.07	-2.75	-2.9	24.5	0.26	1.57
 KDG056                   	 093012.9+195930 	10	8.9	7.42	7.17	-3	-4.42	24.7	1.68	1.57
 NGC2903-HI-1             	 093039.9+214325 	10	8.9	6.92	6.42	-3.54	-2.93	23.9	3.32	1.57
 NGC4559                  	 123557.7+275735 	6	8.91	10.2	9.52	0.19	0.14	23.5	0.67	0.94
 NGC4490                  	 123036.4+413837 	7	8.91	10.28	9.59	0.08	0.28	22	4.1	0.63
 NGC4485                  	 123031.2+414200 	8	8.91	8.99	8.94	-0.62	-0.7	22.6	5.39	1.16
 UGC07690                 	 123226.9+424215 	8	8.91	8.66	8.44	-1.17	-1.4	23.2	1.6	1.17
 ESO104-022               	 185541.2-644839 	10	8.95	8.05	8.53	-2.06	-1.77	24.9	1.08	1.77
 NGC5055                  	 131549.3+420145 	4	9.04	11	9.62	0.11	0.21	23.5	1.1	-0.38
 DDO013                   	 014009.6+155417 	10	9.04	8.53	8.66	-1.48	-1.57	26.1	-0.55	-1.23
 UGC08313                 	 131353.9+421231 	8	9.04	8.46	7.95	-1.66	-1.51	24.7	3.64	1.75
 CGCG 217-018             	 131251.8+403235 	9	9.04	8.19	        	-1.94	-2	23.5	1.84	1.75
 NGC1291                  	 031718.6-410629 	1	9.08	10.97	9.01	-0.98	-0.38	23.8	-1.3	0.1
 UGC07678                 	 123200.4+394955 	9	9.08	8.24	8.1	-1.5	-1.69	23.5	0.75	1.18
 NGC1592                  	 042940.8-272431 	10	9.1	8.17	7.99	-0.98	-1.28	23.6	-1.51	      
 DDO143                   	 124425.1+342311 	10	9.1	7.8	8.43	-1.6	-1.63	26.2	-0.54	0.16
 IC3077                   	 121556.3+142559 	9	9.1	8.16	6.97	-3.31	-2.87	24.8	0.12	1.7
 KK69                     	 085250.7+334752 	10	9.16	7.27	7.66	-3.53	-3.57	26.6	0.39	1.56
 NGC3432                  	 105231.1+363708 	8	9.2	9.64	9.52	0	-0.25	23	3.07	-0.61
 UGC7719                  	 123400.6+390110 	8	9.2	8.21	8.22	-1.69	-1.77	25.4	0.18	1.1
 UGC01561                 	 020405.0+241228 	9	9.2	8.52	7.84	-1.89	-1.89	23.4	-1.29	0.11
 UGC07584                 	 122802.9+223522 	9	9.2	7.74	7.78	-2.1	-2.46	24.5	0.02	1.68
 MRK0475                  	 143905.4+364822 	9	9.2	7.64	6.48	-2.24	-1.5	23.2	-1.25	-1.73
 LV J1052+3628            	 105205.5+362836 	10	9.2	7.04	        	-2.93	-3.48	24.7	3.38	0.43
 KKH40                    	 074656.4+511746 	10	9.25	7.65	7.72	-2.23	-2.41	24.2	-1.28	-1.07
 GR34                     	 122207.6+154757 	10	9.29	7.85	6.97	-2.82	-3.45	24.3	0.29	1.69
 NGC4600                  	 124023.0+030704 	0	9.29	9.33	 <7.27  	-3.34	-1.92	23.3	-0.13	1.29
 LV J0956-0929            	 095637.6-092911 	9	9.38	7.95	6.87	-2.7	-2.81	24.2	0.76	1.72
 IC0559                   	 094443.9+093655 	9	9.4	8.25	8	-1.85	-2.12	24.1	-1.06	-3.29
 NGC6744                  	 190945.9-635128 	4	9.51	10.91	10.31	0.54	0.35	24	1.9	1.15
 NGC7090                  	 213628.6-543326 	6	9.51	10.03	9.26	-0.37	-0.31	24.1	-1.65	-0.23
 IC3583                   	 123643.5+131534 	9	9.51	8.8	8.02	-1.24	-1.63	24	0.67	1.53
 NGC0925                  	 022716.0+333441 	7	9.55	10.14	9.6	0.12	-0.01	24.1	1.01	0.54
 NGC4594                  	 123959.1-113723 	1	9.55	11.32	8.38	-0.51	-1	22	2.73	-0.01
 DDO019                   	 022500.2+360216 	10	9.55	8.03	8.34	-1.65	-1.82	25.9	0.32	1.07
 Halogas                  	 022720.0+335730 	10	9.55	7.14	7.14	-3	-2.79	24.6	2.77	1.05
 NGC4460                  	 122845.8+445152 	1	9.59	9.66	8.08	-1.47	-0.76	23.9	-0.49	1.41
 UGC00064                 	 000744.0+405232 	10	9.6	8.15	8.58	-1.63	-1.51	25	-1.88	-0.96
 UGCA193                  	 100236.2-060043 	7	9.7	8.5	8.55	-1.45	-1.87	25.7	1.52	1.71
 KKSG15                   	 095510.5-061612 	10	9.7	8.24	7.77	-2.31	-2.77	24.1	0.92	1.71
 MCG -01-26-009           	 100133.6-063130 	10	9.7	7.85	7.71	-2.32	-2.31	24.9	1.77	1.72
 KKSG17                   	 100138.4-081456 	10	9.7	8.17	7.72	-2.42	-3.11	24.9	2.25	1.71
 NGC0855                  	 021403.7+275238 	0	9.73	9.37	8.45	-1.59	-1.11	24.1	-0.93	-0.73
 ESO104-044               	 191123.1-641309 	10	9.73	8.31	8.47	-2.15	-2.61	24.7	1.85	1.66
 NGC4534                  	 123405.5+353106 	8	9.8	8.82	9	-0.73	-0.96	24.1	-0.13	1.3
 ESO300-014               	 030937.8-410150 	8	9.8	9.3	8.65	-1.07	-1.42	25.7	0.36	1.71
 IC4951                   	 200931.8-615102 	8	9.8	8.92	8.75	-1.13	-1.4	24.7	-0.32	-0.66
 CGCG 262-028             	 074732.1+511129 	9	9.8	8.18	8.13	-1.42	-1.39	23.2	-1.33	-1.6
 IC3591                   	 123703.0+065536 	9	9.8	8.66	8.24	-1.58	-1.19	23.5	-0.4	1.59
 NGC2683                  	 085240.9+332502 	3	9.82	10.81	9.14	-0.02	-0.1	23.3	-0.05	-1.17
 NGC3344                  	 104330.2+245525 	4	9.82	10.33	9.44	-0.13	-0.08	23.3	-0.29	-1.22
 NGC2784                  	 091219.4-241018 	-2	9.82	10.8	        	-1.21	-1.06	23.1	3.08	1.02
 LV 0853+3318             	 085326.8+331819 	10	9.82	6.49	        	-3.56	-3.16	25.7	4.27	1.56
 DDO052                   	 082828.5+415124 	10	9.86	8.36	8.28	-1.91	-2.43	25	-0.82	-0.21
 NGC3556                  	 111131.0+554026 	6	9.9	10.52	9.42	0.1	-0.04	21.8	-1.21	-0.29
 DDO092                   	 111326.1+533542 	9	9.9	8.02	8.32	-1.61	-1.76	24.9	0.88	1.28
 ESO473-024               	 003122.5-224557 	10	9.9	7.72	8.18	-1.94	-2.1	25.9	-1.91	-1.09
 NGC0891                  	 022232.8+422048 	3	9.95	10.98	9.66	-0.28	-0.09	23.7	0.33	-0.07
 NGC3351                  	 104357.7+114213 	3	9.95	10.65	8.94	-0.33	-0.18	23.2	0.81	1.87
 NGC4861                  	 125902.0+345137 	9	9.95	9.13	8.86	-0.59	-0.25	24.2	-0.57	-0.32
 UGC01807                 	 022113.4+424546 	8	9.95	7.89	8.56	-1.65	-1.8	26.3	3.24	1.73
 DDO022                   	 023254.0+384050 	10	9.95	8.07	8.11	-2.38	-2.32	25.3	0.44	1.82
 UGC08105                 	 125958.1+020258 	9	9.99	7.99	7.82	-2.24	-1.51	25.1	-0.28	1.22
 NGC1744                  	 045958.2-260136 	7	10	9.42	9.35	-0.2	-0.59	24.1	0.1	-0.49
 ESO486-021               	 050319.7-252523 	9	10	8.74	8.47	-1.33	-1.48	23.8	0.77	0.17
 UGC07642                 	 123013.8+023730 	9	10	8.15	7.73	-1.95	-2.19	23.8	1.17	1.81
 KDG058                   	 094027.0+000233 	10	10	7.47	        	-3.04	-4.34	24.8	-0.72	-2.44
 NGC4597                  	 124012.9-054757 	8	10.1	9.48	9.12	-0.7	-0.75	24.5	0.19	-0.04
 NGC4509                  	 123306.8+320530 	9	10.1	8.72	7.98	-1.26	-1.21	22.5	0.81	1.3
 NGC0628                  	 013641.3+154712 	5	10.19	10.6	9.73	0.14	0.23	23.5	-0.25	-0.54
 UGC03600                 	 065540.0+390542 	8	10.19	8.05	8.07	-1.96	-2.44	25.9	-2.03	      
 UGC05209                 	 094504.2+321418 	10	10.19	7.88	7.53	-2.44	-2.96	24.2	-1.03	-1.59
 UGC01056                 	 012847.2+164117 	9	10.2	8.54	7.93	-1.86	-1.66	23.2	0.92	1.35
 UGC01171                 	 013944.8+155358 	10	10.2	8.09	7.71	-2.52	-3.59	24.8	2.26	1.35
 NGC2835                  	 091752.9-222119 	5	10.3	10.19	9.34	0.02	0.22	23.9	0.46	1.57
 HIPASS J0916-23b         	 091658.0-231647 	10	10.3	8.47	7.51	-2.16	-2.66	22.4	1.53	1.66
 CGCG 066-109             	 110426.5+114518 	10	10.3	7.82	7.64	-2.24	-2.45	24.8	0.17	2.13
 LV J0926+3343            	 092609.4+334304 	8	10.3	7.29	7.8	-2.39	-2.74	25.9	-0.51	-1.31
 DDO046                   	 074125.8+400645 	10	10.38	8.47	8.58	-1.5	-2	24.1	-1.51	-0.18
 NGC3299                  	 103623.8+124227 	8	10.4	8.96	8.07	-1.63	-1.42	23.7	0.8	1.9
 AGC198508                	 092257.0+245648 	10	10.4	7.23	6.97	-2.4	-2.47	24.2	-0.82	      
 NGC3368                  	 104645.8+114911 	3	10.42	10.83	9.18	-0.54	-0.36	23.1	1.1	2
 UGC05797                 	 103925.2+014307 	9	10.42	8.63	8	-1.92	-2.14	23.3	-0.21	0.58
 NGC3377                  	 104742.4+135908 	-2	10.42	10.38	        	-2.29	-1.79	23.4	1.27	2.1
 DDO043                   	 072817.2+404613 	10	10.47	8.13	8.38	-1.71	-1.9	24.3	-1.54	-0.78
 JKB142                   	 014548.2+162241 	10	10.5	7.01	7.65	-2.81	-2.11	25	0.5	1.35
 UGC05456                 	 100719.7+102144 	9	10.52	8.71	8.26	-1.16	-1.26	23.4	-0.89	      
 AGC731457                	 103155.8+280133 	10	10.52	7.62	7.21	-2.32	-2.68	23.2	-0.64	-0.82
 KDG235                   	 170025.3+701724 	10	10.6	7.64	7.87	-2.48	-2.74	25.9	-1.38	-0.46
 NGC3521                  	 110548.6-000209 	4	10.7	11.09	9.65	0.12	0.5	22.8	2.23	-0.23
 UGC09660                 	 150109.3+444153 	9	10.76	8.68	8.23	-1.48	-1.56	23.3	-1.37	-0.61
 NGC3593                  	 111435.9+124907 	1	10.8	10.43	8.33	-1.55	-0.55	23.8	-0.2	-0.06
 DDO062                   	 092127.5-223002 	8	10.86	8.71	9.15	-1.42	-1.61	24.9	-0.07	0.97
 DDO083                   	 103643.3+313248 	10	10.9	8.03	8.56	-1.59	-1.86	25.4	-1.28	-1.26
 AGC749315                	 102906.4+265438 	9	11	6.73	6.99	-3.04	-3.91	22.9	-1.04	-0.33
